Server,Description,Priority,Status
dlet306,Test Server,1,"OS,BACKUP,APPLICATION"
dlet307,Test Server,2,"BACKUP,DATABASE"
dlet308,Test Server,3,"DATABASE,APPLICATION"
dlet309,Test Server,1,"OS,DATABASE,APPLICATION"
dlet310,Test Server,2,"OS,BACKUP,APPLICATION"
dlet311,Test Server,3,"BACKUP,DATABASE"
dlet312,Test Server,1,"DATABASE,APPLICATION"
dlet313,Test Server,2,"OS,DATABASE,APPLICATION"
dlet314,Test Server,3,"OS,BACKUP,APPLICATION"
dlet315,Test Server,1,"BACKUP,DATABASE"
